0 0 0 0 0 0 0 0 0.00392157 0 0 0.00784314 0 0 0.00392157 0.00392157 0 0 0.00392157 0 0.00392157 0.0156863 0.00784314 0 0 0 0 0 
0 0 0 0 0 0 0 0 0 0 0.0156863 0 0 0.00784314 0 0 0.00784314 0 0.0117647 0.0156863 0.0156863 0 0 0.0156863 0 0 0 0 
0 0 0 0 0 0 0 0 0.00392157 0 0 0 0 0 0.00392157 0.00784314 0 0.027451 0 0.00784314 0.00392157 0 0.0235294 0 0 0 0 0 
0 0 0 0 0 0 0 0 0 0.00392157 0 0 0 0 0.0117647 0 0.00392157 0 0.00784314 0 0.0117647 0.00784314 0 0.00784314 0 0 0 0 
0 0 0 0 0 0 0 0 0.0117647 0 0 0 0.0117647 0.0117647 0 0.00784314 0 0.00392157 0.0156863 0.00784314 0 0 0.0156863 0.00784314 0 0 0 0 
0 0 0 0 0 0 0 0 0.278431 0.854902 1 1 1 0.972549 1 0.992157 0.992157 1 0.862745 0.368627 0 0.00392157 0.00784314 0 0 0 0 0 
0 0 0 0 0 0 0 0 0.87451 1 0.996078 1 0.996078 1 1 1 0.996078 1 1 0.972549 0.0117647 0 0 0 0 0 0 0 
0 0 0 0 0 0 0 0 0.470588 0.996078 1 0.984314 1 0.996078 0.992157 1 1 0.992157 1 0.996078 0.00784314 0.0117647 0.00392157 0.00392157 0 0 0 0 
0 0 0 0 0 0 0 0 0 0 0.00392157 0 0 0.0196078 0 0 0.901961 1 0.988235 0.988235 0.0117647 0.00392157 0 0.0117647 0 0 0 0 
0 0 0 0 0 0 0 0 0 0 0 0 0.00784314 0 0.00392157 0 0.988235 1 1 0.607843 0 0 0 0 0 0 0 0 
0 0 0 0 0 0 0 0 0 0.0235294 0 0 0 0 0.00392157 0.286274 1 0.984314 1 0.00392157 0 0.0117647 0 0.0196078 0 0 0 0 
0 0 0 0 0 0 0 0 0.00784314 0 0 0 0.0117647 0 0 0.898039 1 1 0.988235 0 0.0117647 0 0 0 0 0 0 0 
0 0 0 0 0 0 0 0 0 0.00392157 0.00784314 0 0.00392157 0 0.286274 1 0.988235 1 0.592157 0.00392157 0 0 0.0117647 0.00392157 0 0 0 0 
0 0 0 0 0 0 0 0 0.00392157 0.00784314 0 0 0 0 0.905882 1 1 1 0 0 0.00784314 0 0 0 0 0 0 0 
0 0 0 0 0 0 0 0 0.00392157 0 0.0117647 0.282353 0.866667 1 0.992157 0.996078 0.988235 1 1 0.87451 0.368627 0.00784314 0 0 0 0 0 0 
0 0 0 0 0 0 0 0 0 0.282353 0.882353 0.988235 1 0.992157 1 1 1 0.992157 1 1 0.964706 0 0 0 0 0 0 0 
0 0 0 0 0 0 0 0 0 0.870588 1 1 1 1 0.988235 1 0.988235 1 1 0.992157 0.596078 0 0.0313725 0 0 0 0 0 
0 0 0 0 0 0 0 0 0.0235294 0.466667 0.992157 0.988235 1 1 1 0.996078 0.0509804 0 0.00392157 0 0.0156863 0.0117647 0 0.00392157 0 0 0 0 
0 0 0 0 0 0 0 0 0 0.00392157 0 0.913725 1 0.980392 1 0.580392 0 0.0117647 0 0.0235294 0.00392157 0 0 0.00392157 0 0 0 0 
0 0 0 0 0 0 0 0 0 0.00392157 0.290196 0.992157 0.992157 1 0.592157 0.00784314 0.00392157 0 0 0 0.00784314 0.00392157 0.0235294 0.0117647 0 0 0 0 
0 0 0 0 0 0 0 0 0.00784314 0 0.905882 1 1 0.972549 0.00392157 0 0.00392157 0.00392157 0.0235294 0 0.00392157 0.00784314 0 0 0 0 0 0 
0 0 0 0 0 0 0 0 0.0117647 0 0.972549 0.996078 0.988235 0.607843 0.0196078 0.00392157 0.00784314 0.00392157 0 0.0156863 0.00784314 0 0.0156863 0.00392157 0 0 0 0 
0 0 0 0 0 0 0 0 0.0117647 0.0117647 0.466667 1 0.603922 0 0 0.00392157 0.00784314 0 0.0117647 0.00784314 0 0.0156863 0.0196078 0 0 0 0 0 
0 0 0 0 0 0 0 0 0 0.00784314 0.00784314 0 0.00784314 0 0.0156863 0 0 0.0156863 0 0 0.027451 0 0 0.00392157 0 0 0 0 
0 0 0 0 0 0 0 0 0 0 0 0 0 0 0 0 0 0 0 0 0 0 0 0 0 0 0 0 
0 0 0 0 0 0 0 0 0 0 0 0 0 0 0 0 0 0 0 0 0 0 0 0 0 0 0 0 
0 0 0 0 0 0 0 0 0 0 0 0 0 0 0 0 0 0 0 0 0 0 0 0 0 0 0 0 
0 0 0 0 0 0 0 0 0 0 0 0 0 0 0 0 0 0 0 0 0 0 0 0 0 0 0 0 
