1.25268 1.48826 2.0246 1.45933 0.952277 -5.87903 -0.889897 0.536377 -0.253188 1.07605 -0.0938494 1.31142 0.336033 0.797592 0.972565 2.16462 
3.19065 0.639314 1.21458 0.655463 0.971479 1.0793 -2.44696 0.333841 0.208235 -1.91074 0.106088 0.758405 0.480929 0.708736 0.420505 2.16599 
-0.482148 0.538606 1.27504 1.39576 0.948692 -0.545857 -0.662194 1.03756 0.0792399 -3.16519 -0.229753 0.768786 0.787468 0.778263 0.976901 1.81452 
1.11068 1.22763 1.81364 0.777187 0.229643 0.372152 -2.56696 0.408427 0.263611 0.317194 -0.284865 0.88537 0.291532 0.643066 0.758601 2.09706 
0.51593 0.904094 1.20576 0.650155 0.195434 -0.961334 2.29213 0.801895 0.290824 2.60188 0.548948 1.15889 0.837224 0.543426 0.339764 2.21326 
-2.96458 0.830452 1.89325 0.529052 0.283729 0.175541 -2.49461 0.33042 1.03401 0.794721 0.200186 1.11583 0.731303 1.00898 0.945775 1.69141 
-1.3162 0.57875 1.22228 1.28364 0.0885041 -2.2824 1.51858 0.791991 -0.908789 2.73508 0.223366 0.447161 0.21093 1.10887 0.333652 2.20111 
0.243157 1.26891 1.79506 0.775382 0.564907 -2.56144 1.12921 0.211823 0.349033 -2.04722 0.510699 0.798387 0.0989105 0.450539 0.21809 2.03018 
-1.5967 1.49125 2.1216 1.14257 1.02273 1.55114 -3.1218 0.604793 0.23891 0.603514 -0.355561 0.487297 0.527554 0.742208 0.361685 1.81977 
1.1565 1.32698 1.61323 0.764328 0.27915 2.04454 -0.642461 0.994065 -0.71184 -0.486091 0.227327 0.392564 0.447042 0.976195 0.227817 2.0433 
-1.38493 1.02545 2.00249 1.15023 0.0428804 0.82846 3.94764 0.0640329 -0.729113 -1.34389 0.327663 1.00317 0.353057 0.855912 0.867087 2.22553 
-3.0685 0.532403 1.46062 1.54483 0.673666 -1.28779 -0.475002 0.895129 0.506724 -1.98855 0.473689 1.43721 0.880157 0.827046 0.552838 2.39192 
-0.405896 0.79713 2.17383 0.508335 0.418319 0.155265 4.79386 1.02856 -0.450134 -0.756504 0.324018 1.05604 0.170629 0.527738 0.786601 1.86186 
-2.36154 1.14965 2.07846 0.821511 0.680845 5.30328 -0.954502 0.81786 0.441573 0.76513 0.581459 1.01217 0.136107 0.241115 0.938152 2.19101 
3.42703 0.996377 1.17992 1.29283 0.0951546 0.22479 -2.6115 0.479119 -0.20698 0.976168 0.489989 0.550064 0.417991 0.793781 0.902284 2.14978 
2.56973 1.16338 1.89907 0.919882 0.39386 2.65615 0.911146 1.06312 -1.21317 0.873351 -0.157019 0.77002 0.278778 0.250606 0.392242 2.26849 
